1733011200	238.71252771
1733014800	238.46775173
1733018400	237.58458959
1733022000	235.18301871
1733025600	235.98919803
1733029200	236.33693741
1733032800	235.74340887
1733036400	235.63205844
1733040000	235.89324758
1733043600	238.31133343
1733047200	237.35764019
1733050800	236.32943333
1733054400	237.28273690
1733058000	237.30970965
1733061600	238.13603022
1733065200	238.15641767
1733068800	238.80037340
1733072400	237.37989297
1733076000	237.14802851
1733079600	236.70680830
1733083200	235.53854294
1733086800	235.60427851
1733090400	237.63185315
1733094000	238.76718055
1733097600	237.11448390
1733101200	235.53057690
1733104800	237.30426255
1733108400	234.25611286
1733112000	227.66047837
1733115600	229.17257780
1733119200	228.11183642
1733122800	228.46149787
1733126400	228.33103376
1733130000	226.68108777
1733133600	226.85001778
1733137200	223.74075798
1733140800	224.53776379
1733144400	222.25245526
1733148000	226.34827205
1733151600	226.23652692
1733155200	229.75932241
1733158800	226.95700411
1733162400	223.04449991
1733166000	222.59880232
1733169600	224.41302722
1733173200	222.37867076
1733176800	222.03092860
1733180400	224.73283793
1733184000	226.24210547
1733187600	225.76539502
1733191200	223.79243669
1733194800	227.87980487
1733198400	227.85216542
1733202000	228.72322737
1733205600	228.27668464
1733209200	226.22554751
1733212800	226.07901405
1733216400	225.88896170
1733220000	224.76064387
1733223600	223.32028779
1733227200	225.63947233
1733230800	224.44420819
1733234400	217.95904652
1733238000	223.73011657
1733241600	223.73575204
1733245200	223.10047178
1733248800	224.09382044
1733252400	226.81270350
1733256000	227.92424018
1733259600	228.95050593
1733263200	237.91217073
1733266800	235.99131511
1733270400	235.08549182
1733274000	237.55213404
1733277600	238.90052166
1733281200	236.24513602
1733284800	238.11406175
1733288400	237.84622542
1733292000	237.87503625
1733295600	237.19955610
1733299200	236.71658317
1733302800	235.75615745
1733306400	235.84285456
1733310000	236.88746205
1733313600	235.99119334
1733317200	232.75079861
1733320800	231.66088162
1733324400	232.54208713
1733328000	233.72687842
1733331600	226.21147810
1733335200	229.14915433
1733338800	230.20069053
1733342400	233.40180549
1733346000	232.56975895
1733349600	230.63780311
1733353200	229.82680509
1733356800	229.06669921
1733360400	226.95667245
1733364000	226.05726134
1733367600	233.12254884
1733371200	233.17189155
1733374800	237.14753565
1733378400	234.92493623
1733382000	233.89437415
1733385600	234.26689944
1733389200	236.35920948
1733392800	237.39989848
1733396400	237.31716159
1733400000	240.99822421
1733403600	242.48356668
1733407200	240.34946172
1733410800	241.24128851
1733414400	238.77379416
1733418000	239.64896973
1733421600	240.56703206
1733425200	236.29890059
1733428800	232.88080522
1733432400	232.37623970
1733436000	233.85010412
1733439600	233.28909070
1733443200	236.88204418
1733446800	239.34442385
1733450400	244.36475613
1733454000	242.54984852
1733457600	241.60268588
1733461200	240.96731445
1733464800	238.96116511
1733468400	238.97991978
1733472000	239.20394359
1733475600	238.86451804
1733479200	235.80569526
1733482800	236.04441259
1733486400	234.22568854
1733490000	232.63914143
1733493600	234.46889414
1733497200	238.11378712
1733500800	238.57806864
1733504400	239.20154354
1733508000	239.91271385
1733511600	240.08456543
1733515200	239.76949309
1733518800	238.81366561
1733522400	238.23592198
1733526000	238.07341381
1733529600	237.08967983
1733533200	236.40123226
1733536800	236.06461420
1733540400	236.04842610
1733544000	235.11762689
1733547600	235.68071511
1733551200	235.70293406
1733554800	236.24566924
1733558400	236.61797118
1733562000	235.98954497
1733565600	238.54984495
1733569200	238.43847163
1733572800	238.67411895
1733576400	238.16003252
1733580000	239.14327088
1733583600	242.51788671
1733587200	241.14808372
1733590800	242.03303620
1733594400	240.87146207
1733598000	242.56239918
1733601600	241.60019371
1733605200	241.53597966
1733608800	241.73919623
1733612400	239.21123285
1733616000	238.73660295
1733619600	239.56196925
1733623200	239.43362504
1733626800	240.91892663
1733630400	240.82916757
1733634000	238.83594947
1733637600	236.97133992
1733641200	238.27796850
1733644800	237.88596516
1733648400	235.07820827
1733652000	234.20163290
1733655600	235.40053352
1733659200	236.23627258
1733662800	236.05671282
1733666400	237.59939382
1733670000	236.05615604
1733673600	237.52395564
1733677200	236.08213258
1733680800	236.74115422
1733684400	235.30679328
1733688000	236.32421721
1733691600	235.40599604
1733695200	235.76949244
1733698800	236.82799472
1733702400	237.25023526
1733706000	233.60975422
1733709600	232.65090343
1733713200	231.63008390
1733716800	231.90574028
1733720400	232.63588331
1733724000	232.49442753
1733727600	230.62575223
1733731200	231.79963085
1733734800	227.24955342
1733738400	226.75380347
1733742000	227.88675153
1733745600	226.22336314
1733749200	227.43982148
1733752800	229.12447163
1733756400	231.35420037
1733760000	224.44358405
1733763600	224.86102419
1733767200	223.35324907
1733770800	224.17529567
1733774400	222.16842042
1733778000	219.68934551
1733781600	218.18717860
1733785200	217.61316510
1733788800	217.31956230
1733792400	218.14300022
1733796000	218.98560042
1733799600	213.40029780
1733803200	215.23325915
1733806800	216.28152918
1733810400	216.21387391
1733814000	218.53029782
1733817600	217.31313197
1733821200	217.34571084
1733824800	217.16474956
1733828400	217.39681648
1733832000	216.38115080
1733835600	211.62394114
1733839200	214.77992693
1733842800	216.63047827
1733846400	207.82746319
1733850000	210.86070474
1733853600	205.09309330
1733857200	208.82340360
1733860800	212.07286576
1733864400	213.43766316
1733868000	214.46744799
1733871600	214.58975282
1733875200	213.52687206
1733878800	214.56506537
1733882400	212.27641916
1733886000	216.12537083
1733889600	218.66536700
1733893200	219.06873213
1733896800	218.12506333
1733900400	220.06896246
1733904000	218.76899572
1733907600	221.99645950
1733911200	222.45232914
1733914800	223.85580042
1733918400	225.11376354
1733922000	224.86996375
1733925600	226.70279681
1733929200	227.37360716
1733932800	228.98742789
1733936400	229.57925667
1733940000	227.78554111
1733943600	228.56785620
1733947200	230.36776029
1733950800	228.94747680
1733954400	229.40077760
1733958000	228.33578511
1733961600	227.42797705
1733965200	227.30760404
1733968800	226.23275668
1733972400	229.74515590
1733976000	230.47937148
1733979600	229.61164022
1733983200	231.55427416
1733986800	230.25267291
1733990400	230.10801397
1733994000	232.37501321
1733997600	232.25328499
1734001200	229.82191221
1734004800	230.05475503
1734008400	231.21544082
1734012000	229.64721987
1734015600	232.30210957
1734019200	231.46682405
1734022800	230.71169514
1734026400	234.11003119
1734030000	231.44097052
1734033600	227.18072706
1734037200	228.79869109
1734040800	227.94915705
1734044400	227.98985013
1734048000	227.01467710
1734051600	227.38949074
1734055200	225.90999668
1734058800	227.47933342
1734062400	227.70920229
1734066000	226.19362105
1734069600	225.75683416
1734073200	224.95320219
1734076800	224.82334684
1734080400	226.12870949
1734084000	225.37267821
1734087600	226.35575539
1734091200	225.88825974
1734094800	225.31848709
1734098400	223.89525700
1734102000	224.06385029
1734105600	221.24668293
1734109200	221.40955576
1734112800	223.42943708
1734116400	222.02735994
1734120000	223.52101597
1734123600	223.90143070
1734127200	223.72964723
1734130800	223.60724434
1734134400	224.59546332
1734138000	224.38405439
1734141600	225.74116265
1734145200	225.70797521
1734148800	226.14516323
1734152400	225.64892952
1734156000	225.88127075
1734159600	226.78172054
1734163200	226.15004147
1734166800	226.55129689
1734170400	225.98681867
1734174000	225.08433175
1734177600	224.57595350
1734181200	222.22408858
1734184800	221.25597654
1734188400	221.96716544
1734192000	222.58233860
1734195600	221.72993256
1734199200	218.34063396
1734202800	217.97494197
1734206400	218.05675939
1734210000	215.53604799
1734213600	217.46203002
1734217200	218.01372129
1734220800	219.88046495
1734224400	219.85733842
1734228000	221.32614554
1734231600	221.48141514
1734235200	219.61094524
1734238800	220.29656156
1734242400	220.09679108
1734246000	218.54114546
1734249600	217.10189244
1734253200	218.45406224
1734256800	219.21784638
1734260400	218.65750648
1734264000	218.50813786
1734267600	219.40281623
1734271200	220.09043218
1734274800	221.00977841
1734278400	220.57383408
1734282000	221.83161716
1734285600	221.28591177
1734289200	220.90286171
1734292800	221.57967995
1734296400	220.51160555
1734300000	216.91927367
1734303600	219.01636389
1734307200	224.53658893
1734310800	225.79284823
1734314400	225.58955413
1734318000	222.41863103
1734321600	221.06329784
1734325200	221.39607112
1734328800	222.17381589
1734332400	222.40688353
1734336000	222.70905777
1734339600	220.18063193
1734343200	219.39319707
1734346800	217.86317631
1734350400	214.02318766
1734354000	214.56816962
1734357600	216.11619519
1734361200	216.92952843
1734364800	217.11455457
1734368400	218.74355767
1734372000	219.38754581
1734375600	221.23405587
1734379200	218.87280564
1734382800	216.56835466
1734386400	218.47232500
1734390000	217.81276906
1734393600	216.62738532
1734397200	214.36685545
1734400800	214.67941212
1734404400	213.72150475
1734408000	215.38921894
1734411600	214.50489832
1734415200	215.11408377
1734418800	214.90171446
1734422400	215.57417203
1734426000	217.28496890
1734429600	221.76474639
1734433200	222.79243086
1734436800	221.83902168
1734440400	226.98468831
1734444000	223.74972280
1734447600	221.83720816
1734451200	220.50403647
1734454800	226.99291415
1734458400	227.12084567
1734462000	227.62133250
1734465600	227.69138692
1734469200	227.40187110
1734472800	225.44276068
1734476400	223.89571881
1734480000	223.16641775
1734483600	224.09827233
1734487200	218.80814549
1734490800	218.74681203
1734494400	217.53192597
1734498000	216.77230090
1734501600	215.87304420
1734505200	215.29563558
1734508800	215.73317912
1734512400	215.82085922
1734516000	216.71089828
1734519600	217.35179962
1734523200	217.83035794
1734526800	216.83422053
1734530400	216.35124632
1734534000	214.95116349
1734537600	217.56621869
1734541200	216.73680276
1734544800	216.71685165
1734548400	217.66950391
1734552000	212.91968372
1734555600	207.15280627
1734559200	208.28991278
1734562800	206.73954366
1734566400	206.91105641
1734570000	207.53388578
1734573600	203.30907239
1734577200	205.35968015
1734580800	208.64961203
1734584400	208.27777228
1734588000	209.28458396
1734591600	210.35129967
1734595200	211.84828241
1734598800	208.91724772
1734602400	209.83861286
1734606000	210.55513329
1734609600	210.38739772
1734613200	207.63116739
1734616800	207.58356035
1734620400	207.04206941
1734624000	205.10664681
1734627600	205.66746184
1734631200	198.56304454
1734634800	194.14213810
1734638400	190.76176367
1734642000	192.53560748
1734645600	195.79691069
1734649200	196.32837475
1734652800	194.90198157
1734656400	195.15523148
1734660000	193.36235169
1734663600	198.70481037
1734667200	196.30238902
1734670800	194.96471095
1734674400	192.85572023
1734678000	190.09493066
1734681600	191.38539922
1734685200	181.09177439
1734688800	182.90823964
1734692400	181.88470382
1734696000	176.72076430
1734699600	184.10490733
1734703200	187.74380896
1734706800	187.97950430
1734710400	189.35869784
1734714000	190.05718581
1734717600	192.13998983
1734721200	190.62161784
1734724800	191.36934634
1734728400	190.12921507
1734732000	190.64173544
1734735600	192.38476229
1734739200	194.12198450
1734742800	194.23033158
1734746400	195.40601331
1734750000	194.81351569
1734753600	194.00099000
1734757200	195.79021224
1734760800	198.98598416
1734764400	198.94344858
1734768000	198.95287303
1734771600	196.79351282
1734775200	195.18746303
1734778800	194.25139293
1734782400	192.75451884
1734786000	187.47958743
1734789600	185.41909489
1734793200	184.85956609
1734796800	186.52333662
1734800400	184.33390104
1734804000	184.02786529
1734807600	180.98868547
1734811200	179.97231308
1734814800	181.92622501
1734818400	180.51583289
1734822000	181.03529577
1734825600	181.14212742
1734829200	182.14672123
1734832800	182.25659413
1734836400	181.59206210
1734840000	182.21031190
1734843600	180.13907581
1734847200	180.19856538
1734850800	183.35042753
1734854400	184.06969680
1734858000	184.31009792
1734861600	185.65275323
1734865200	185.60760358
1734868800	186.48900177
1734872400	186.21749705
1734876000	185.26556718
1734879600	180.39212513
1734883200	181.22728492
1734886800	182.80400706
1734890400	181.70870068
1734894000	182.21592205
1734897600	177.73573877
1734901200	180.65160761
1734904800	180.32005140
1734908400	180.93459552
1734912000	180.26403732
1734915600	178.83369114
1734919200	178.61122563
1734922800	179.62487244
1734926400	186.37280979
1734930000	184.77295858
1734933600	183.80299489
1734937200	181.13641868
1734940800	182.00085963
1734944400	185.44209573
1734948000	184.80271533
1734951600	185.32313150
1734955200	183.52644627
1734958800	184.34729362
1734962400	182.09949028
1734966000	181.99857327
1734969600	181.26946273
1734973200	184.74044924
1734976800	184.20726919
1734980400	184.49947589
1734984000	187.19352090
1734987600	190.83144653
1734991200	190.73246700
1734994800	192.53603344
1734998400	189.96457714
1735002000	189.65932278
1735005600	187.68953168
1735009200	187.56172162
1735012800	189.49443843
1735016400	190.47749925
1735020000	191.35213621
1735023600	189.65631650
1735027200	192.02548503
1735030800	191.46871342
1735034400	191.94822356
1735038000	190.77863882
1735041600	192.65728394
1735045200	191.61380851
1735048800	194.98801493
1735052400	194.29944265
1735056000	197.85558233
1735059600	196.09158427
1735063200	197.12240431
1735066800	196.51105659
1735070400	194.56043774
1735074000	195.31275087
1735077600	196.57513226
1735081200	197.07814606
1735084800	196.78831817
1735088400	196.89792151
1735092000	199.86457831
1735095600	201.24133519
1735099200	199.63620323
1735102800	198.98325967
1735106400	199.24784860
1735110000	198.72562658
1735113600	197.97061582
1735117200	197.83314644
1735120800	197.84075448
1735124400	197.01183264
1735128000	195.31727782
1735131600	195.95855784
1735135200	196.79154044
1735138800	198.34241635
1735142400	197.80145881
1735146000	197.25460067
1735149600	198.30946233
1735153200	197.92953915
1735156800	198.82589184
1735160400	197.51068719
1735164000	196.52301874
1735167600	196.87838104
1735171200	197.35765927
1735174800	197.15336427
1735178400	196.85317085
1735182000	197.19091912
1735185600	195.51502596
1735189200	195.04615227
1735192800	194.48889436
1735196400	193.97234374
1735200000	191.56886737
1735203600	188.92361034
1735207200	189.16767924
1735210800	189.45280304
1735214400	189.55043065
1735218000	188.33540545
1735221600	188.63553693
1735225200	188.18134956
1735228800	188.64049679
1735232400	190.44397069
1735236000	187.92180660
1735239600	188.95011335
1735243200	189.09412744
1735246800	188.19666083
1735250400	189.41070989
1735254000	188.08856135
1735257600	188.80654137
1735261200	188.94815283
1735264800	189.84798607
1735268400	188.72862959
1735272000	189.87541829
1735275600	189.43490125
1735279200	189.41890736
1735282800	190.57950525
1735286400	186.53886921
1735290000	190.11361828
1735293600	193.07066716
1735297200	190.70149043
1735300800	190.76722289
1735304400	190.44580525
1735308000	189.21722234
1735311600	186.81300230
1735315200	184.32947340
1735318800	183.82917798
1735322400	186.05420240
1735326000	186.58981143
1735329600	186.83537444
1735333200	185.86882151
1735336800	184.59770249
1735340400	184.58468328
1735344000	183.74866385
1735347600	184.87476321
1735351200	185.41966606
1735354800	184.01470674
1735358400	184.89474084
1735362000	184.28702411
1735365600	185.45839529
1735369200	185.33683568
1735372800	185.07328056
1735376400	185.75831199
1735380000	186.04542579
1735383600	185.58486468
1735387200	186.81929027
1735390800	186.49766009
1735394400	187.86191227
1735398000	189.40641989
1735401600	189.69443402
1735405200	192.19666524
1735408800	194.42416040
1735412400	193.43688961
1735416000	193.29442043
1735419600	192.90096695
1735423200	193.82723262
1735426800	194.82833810
1735430400	194.80695879
1735434000	193.76172063
1735437600	192.25506341
1735441200	193.55547526
1735444800	194.38576998
1735448400	194.03289486
1735452000	194.84789028
1735455600	195.55371793
1735459200	195.77839830
1735462800	195.02824325
1735466400	196.37989638
1735470000	196.49163989
1735473600	195.73124544
1735477200	195.92562237
1735480800	195.73134159
1735484400	193.64531153
1735488000	194.88759109
1735491600	192.78038659
1735495200	192.84983993
1735498800	192.71989707
1735502400	192.54252438
1735506000	191.76919612
1735509600	190.44151162
1735513200	188.92531718
1735516800	189.38535327
1735520400	191.73842165
1735524000	192.97852547
1735527600	191.91819229
1735531200	190.93311538
1735534800	189.53788109
1735538400	190.71673944
1735542000	192.43710519
1735545600	192.34354889
1735549200	192.97876785
1735552800	192.90198111
1735556400	192.50657606
1735560000	193.03877511
1735563600	193.06662529
1735567200	188.54327511
1735570800	187.34346782
1735574400	187.16796248
1735578000	186.69239967
1735581600	191.49540216
1735585200	194.45957469
1735588800	195.93001872
1735592400	194.58993261
1735596000	189.48417641
1735599600	190.33132839
1735603200	190.94897789
1735606800	190.43396306
1735610400	189.00511719
1735614000	189.80123745
1735617600	189.69734937
1735621200	188.51898530
1735624800	188.38702947
1735628400	188.67135535
1735632000	189.69060198
1735635600	191.75936198
1735639200	193.01445790
1735642800	194.11833364
1735646400	193.60291818
1735650000	192.89385896
1735653600	195.99985768
1735657200	197.38139563
1735660800	198.04327117
1735664400	198.39718819
1735668000	195.82369987
1735671600	194.51215192
1735675200	193.63952775
1735678800	193.79367423
1735682400	192.69936427
1735686000	190.70546085
1735689600	189.13082195
1735693200	192.11261574
1735696800	190.13086095
1735700400	191.25200087
1735704000	189.96635220
1735707600	189.07982779
1735711200	189.80802808
1735714800	189.78285891
1735718400	189.59531093
1735722000	189.36519184
1735725600	188.79289474
1735729200	189.75344721
1735732800	190.97768084
1735736400	190.44585023
1735740000	190.78095118
1735743600	190.42410000
1735747200	191.62482739
1735750800	190.31711819
1735754400	190.01924843
1735758000	191.33799456
1735761600	192.90457459
1735765200	193.90032580
1735768800	194.27648477
1735772400	193.97502535
1735776000	193.88036053
1735779600	195.97987924
1735783200	197.00930164
1735786800	198.90081623
1735790400	198.31872935
1735794000	203.64613656
1735797600	204.23372742
1735801200	205.08644381
1735804800	205.91020949
1735808400	206.76130999
1735812000	207.07557387
1735815600	206.71807662
1735819200	208.41924204
1735822800	208.23434756
1735826400	207.67199242
1735830000	208.55081153
1735833600	206.48454968
1735837200	207.48115330
1735840800	205.75452795
1735844400	206.55174584
1735848000	206.95383807
1735851600	206.63011792
1735855200	206.05617355
1735858800	206.28322325
1735862400	207.96510646
1735866000	206.96460396
1735869600	206.23692303
1735873200	207.12935269
1735876800	207.75034278
1735880400	207.51073752
1735884000	208.79599122
1735887600	208.02837988
1735891200	207.83586739
1735894800	209.18366317
1735898400	211.05036557
1735902000	211.09968340
1735905600	214.44712269
1735909200	213.31137683
1735912800	212.68210763
1735916400	217.45284295
1735920000	217.52008506
1735923600	217.82633622
1735927200	217.29126193
1735930800	218.03297049
1735934400	216.72900695
1735938000	215.97939223
1735941600	216.55367508
1735945200	216.94417009
1735948800	217.79224605
1735952400	216.89564480
1735956000	217.32894438
1735959600	217.47123466
1735963200	216.74304229
1735966800	216.64252600
1735970400	216.92364920
1735974000	217.61752204
1735977600	216.44882719
1735981200	215.52866228
1735984800	215.62853200
1735988400	215.58019758
1735992000	216.27701540
1735995600	216.86381198
1735999200	216.97088896
1736002800	215.85235264
1736006400	214.59238633
1736010000	214.37831555
1736013600	215.60637410
1736017200	215.52823517
1736020800	215.58308420
1736024400	216.40602645
1736028000	215.91094962
1736031600	216.59814772
1736035200	216.58899196
1736038800	217.13422943
1736042400	215.76349113
1736046000	216.96841815
1736049600	217.97660058
1736053200	218.07872791
1736056800	216.42972732
1736060400	216.68909067
1736064000	216.42605398
1736067600	215.13040683
1736071200	213.27742744
1736074800	213.98382035
1736078400	213.79611406
1736082000	213.58000897
1736085600	212.85102327
1736089200	213.42975539
1736092800	213.40890324
1736096400	212.41224910
1736100000	212.57905898
1736103600	212.55016383
1736107200	212.75558095
1736110800	212.85358224
1736114400	213.72383330
1736118000	214.44309382
1736121600	213.46067026
1736125200	212.17924374
1736128800	215.22688962
1736132400	215.68762696
1736136000	215.68758633
1736139600	215.91472090
1736143200	215.72260191
1736146800	214.95760050
1736150400	215.16096272
1736154000	213.95409555
1736157600	214.18771726
1736161200	214.79545444
1736164800	216.08163750
1736168400	216.79213888
1736172000	218.62430107
1736175600	221.35472584
1736179200	221.32004483
1736182800	220.99588520
1736186400	218.87370489
1736190000	218.99476247
1736193600	220.31590210
1736197200	218.91951169
1736200800	218.02201443
1736204400	218.63237296
1736208000	218.50094652
1736211600	218.57911704
1736215200	218.51586158
1736218800	216.86683896
1736222400	217.46148280
1736226000	216.36070004
1736229600	216.34281780
1736233200	216.37428289
1736236800	215.96858776
1736240400	216.55363805
1736244000	215.37438360
1736247600	214.85966754
1736251200	214.22226584
1736254800	213.27209949
1736258400	213.82030214
1736262000	211.93732565
1736265600	208.15466709
1736269200	207.33673200
1736272800	206.64299876
1736276400	205.43611674
1736280000	204.22187966
1736283600	203.65697570
1736287200	202.22685552
1736290800	203.46166338
1736294400	202.49254573
1736298000	202.68131607
1736301600	201.07587409
1736305200	200.41867634
1736308800	198.31503383
1736312400	197.04564172
1736316000	196.36511144
1736319600	193.91236090
1736323200	195.74523705
1736326800	197.36113686
1736330400	196.03096934
1736334000	197.39833122
1736337600	195.63830954
1736341200	195.17253482
1736344800	196.84004609
1736348400	197.14243906
1736352000	197.79424605
1736355600	194.92796623
1736359200	193.06052158
1736362800	194.26315193
1736366400	194.40977856
1736370000	195.36339513
1736373600	195.07044434
1736377200	197.84323141
1736380800	197.36618605
1736384400	197.69176588
1736388000	197.75355230
1736391600	196.79436447
1736395200	194.26736575
1736398800	195.16302119
1736402400	194.41117222
1736406000	193.35798826
1736409600	189.82537570
1736413200	191.11097079
1736416800	191.61624734
1736420400	191.29059498
1736424000	190.87993732
1736427600	190.28742477
1736431200	185.81044934
1736434800	188.52394762
1736438400	193.08221384
1736442000	191.79183186
1736445600	187.31040744
1736449200	188.80942722
1736452800	185.85161945
1736456400	184.59300742
1736460000	185.20065278
1736463600	186.36786635
1736467200	185.01113509
1736470800	186.42103537
1736474400	187.18244790
1736478000	188.36825380
1736481600	189.21073160
1736485200	188.97549807
1736488800	189.83374685
1736492400	190.48592542
1736496000	192.04503449
1736499600	192.07020162
1736503200	192.05328356
1736506800	192.09593392
1736510400	191.94337838
1736514000	191.88963855
1736517600	186.83525169
1736521200	187.65350826
1736524800	187.02436059
1736528400	185.12925860
1736532000	191.42983799
1736535600	190.04916013
1736539200	190.12387935
1736542800	187.47271063
1736546400	187.76127963
1736550000	188.21604671
1736553600	187.62467183
1736557200	188.19702119
1736560800	186.43453800
1736564400	186.89072880
1736568000	186.20212156
1736571600	185.72069649
1736575200	186.18739780
1736578800	186.47639533
1736582400	185.94390676
1736586000	185.33983521
1736589600	185.24647794
1736593200	184.96387409
1736596800	186.46366384
1736600400	187.11331804
1736604000	186.54315754
1736607600	187.74226656
1736611200	186.87808168
1736614800	186.93165395
1736618400	186.37200730
1736622000	187.54252467
1736625600	187.63632599
1736629200	190.15762950
1736632800	191.15148719
1736636400	188.27410648
1736640000	188.04735974
1736643600	187.36153412
1736647200	187.50656420
1736650800	188.05020871
1736654400	187.26243707
1736658000	186.83506675
1736661600	186.48941536
1736665200	186.25278087
1736668800	186.53663447
1736672400	185.88970977
1736676000	185.89833646
1736679600	186.14049769
1736683200	186.57790358
1736686800	186.94125890
1736690400	188.01850717
1736694000	188.47687656
1736697600	190.05745737
1736701200	189.98656160
1736704800	189.93959540
1736708400	189.28081544
1736712000	188.77547643
1736715600	189.24653448
1736719200	188.26550136
1736722800	186.75138654
1736726400	188.39194289
1736730000	190.50366623
1736733600	187.30310219
1736737200	187.30310219
1736740800	184.86136737
1736744400	185.53734800
1736748000	183.85607267
1736751600	181.86754168
1736755200	182.11239899
1736758800	180.51287612
1736762400	180.11739367
1736766000	178.24905411
1736769600	175.90352433
1736773200	175.22252790
1736776800	175.86126152
1736780400	175.44791206
1736784000	178.71744791
1736787600	176.14229436
1736791200	176.55591077
1736794800	175.81345475
1736798400	177.46858554
1736802000	181.63086348
1736805600	181.63340435
1736809200	182.87472647
1736812800	182.94117705
1736816400	182.27799444
1736820000	182.93048979
1736823600	183.35108420
1736827200	184.20146477
1736830800	185.33500063
1736834400	184.98440977
1736838000	186.49222608
1736841600	185.50581175
1736845200	187.14063289
1736848800	189.60569688
1736852400	187.80304367
1736856000	186.92620258
1736859600	186.18919088
1736863200	187.68788640
1736866800	186.90850455
1736870400	187.12248753
1736874000	186.51838996
1736877600	186.82981143
1736881200	186.63838129
1736884800	186.64484102
1736888400	186.83231116
1736892000	187.01495219
1736895600	188.54540208
1736899200	187.48862199
1736902800	187.42571409
1736906400	188.27763834
1736910000	187.29471850
1736913600	189.49067742
1736917200	189.62733781
1736920800	189.34891216
1736924400	189.20835121
1736928000	189.93367576
1736931600	189.33884820
1736935200	186.70076844
1736938800	187.43177493
1736942400	186.71888437
1736946000	186.56408044
1736949600	195.54585736
1736953200	196.83527251
1736956800	196.56972848
1736960400	198.26778986
1736964000	197.82665494
1736967600	201.45512740
1736971200	202.34749112
1736974800	202.86372135
1736978400	203.02245106
1736982000	204.35242053
1736985600	206.16658075
1736989200	204.61401364
1736992800	203.92883984
1736996400	202.91575962
1737000000	202.05960752
1737003600	201.70913867
1737007200	202.94153154
1737010800	202.83315910
1737014400	202.98882341
1737018000	200.01895798
1737021600	201.09761327
1737025200	200.37947827
1737028800	211.81041151
1737032400	215.73498853
1737036000	209.76956300
1737039600	207.38030479
1737043200	209.29955280
1737046800	213.00253244
1737050400	214.75546418
1737054000	212.52314593
1737057600	214.13602978
1737061200	213.02090283
1737064800	212.17956317
1737068400	209.86454938
1737072000	211.14269540
1737075600	210.81377866
1737079200	214.55259088
1737082800	211.80092941
1737086400	211.07673700
1737090000	212.89010800
1737093600	212.36218142
1737097200	212.64280809
1737100800	213.18469454
1737104400	215.88321409
1737108000	215.61783138
1737111600	217.00117181
1737115200	219.05989606
1737118800	219.90464035
1737122400	220.67608392
1737126000	219.42745608
1737129600	218.31695105
1737133200	221.16127927
1737136800	216.74120192
1737140400	216.76120812
1737144000	217.35737363
1737147600	219.99525103
1737151200	218.20327742
1737154800	219.17160608
1737158400	219.65656090
1737162000	220.28542672
1737165600	218.85072871
1737169200	221.05176575
1737172800	221.06637583
1737176400	228.45767580
1737180000	227.16232733
1737183600	236.49685265
1737187200	233.29716228
1737190800	239.23176470
1737194400	237.85048787
1737198000	242.58138595
1737201600	238.78342828
1737205200	243.29040164
1737208800	240.29361506
1737212400	241.43089111
1737216000	256.70381818
1737219600	244.91158556
1737223200	252.26908740
1737226800	253.93290430
1737230400	255.65781443
1737234000	248.44390180
1737237600	252.83545691
1737241200	254.48538990
1737244800	262.08678864
1737248400	257.29950414
1737252000	255.07955276
1737255600	254.85015531
1737259200	257.26680819
1737262800	272.95550386
1737266400	266.09257703
1737270000	273.89510788
1737273600	272.85416484
1737277200	272.64504378
1737280800	273.48359014
1737284400	284.84919263
1737288000	286.80522330
1737291600	277.31664709
1737295200	284.37164127
1737298800	269.71292594
1737302400	269.73564982
1737306000	267.86463075
1737309600	270.91036323
1737313200	272.09654398
1737316800	269.24033527
1737320400	274.51046290
1737324000	257.04002345
1737327600	252.06896169
1737331200	249.77312429
1737334800	237.78263424
1737338400	242.70350192
1737342000	231.91406021
1737345600	241.61093188
1737349200	243.61255424
1737352800	245.33270489
1737356400	257.35891036
1737360000	260.19604781
1737363600	268.61806882
1737367200	262.98049495
1737370800	259.77008303
1737374400	260.17915795
1737378000	253.42098931
1737381600	256.13021192
1737385200	256.78596769
1737388800	254.28885806
1737392400	254.58348860
1737396000	242.43644180
1737399600	248.92064402
1737403200	246.65564024
1737406800	245.06562330
1737410400	245.42182325
1737414000	249.40561357
1737417600	242.47748981
1737421200	237.60367514
1737424800	233.63477684
1737428400	238.32329974
1737432000	237.57190055
1737435600	236.08953212
1737439200	232.34351239
1737442800	235.97120061
1737446400	235.75679221
1737450000	239.01336544
1737453600	237.74576539
1737457200	239.28691139
1737460800	238.95631315
1737464400	240.80691853
1737468000	241.00996865
1737471600	239.44062495
1737475200	240.66789557
1737478800	243.34059282
1737482400	248.98756302
1737486000	259.25469488
1737489600	253.14334866
1737493200	254.08145491
1737496800	254.37119529
1737500400	251.06253713
1737504000	250.32405037
1737507600	253.19481136
1737511200	251.98868204
1737514800	251.95193507
1737518400	254.30995583
1737522000	254.70697741
1737525600	255.98703199
1737529200	256.35274476
1737532800	258.51808420
1737536400	255.22353697
1737540000	253.90454575
1737543600	254.66278150
1737547200	257.54410542
1737550800	258.34721127
1737554400	260.25559018
1737558000	256.05911437
1737561600	257.43222128
1737565200	257.24364606
1737568800	260.03740620
1737572400	253.81846236
1737576000	264.46938054
1737579600	268.53747571
1737583200	262.94862908
1737586800	261.23401583
1737590400	256.11433438
1737594000	254.85694723
1737597600	253.32922906
1737601200	248.99971032
1737604800	248.81736877
1737608400	246.30872157
1737612000	249.31945825
1737615600	247.98436698
1737619200	248.83078910
1737622800	246.55235000
1737626400	246.33097388
1737630000	243.49105048
1737633600	244.23879900
1737637200	243.15555536
1737640800	246.89282744
1737644400	251.22391421
1737648000	249.59850443
1737651600	250.13594255
1737655200	252.17667778
1737658800	249.69685955
1737662400	246.30238141
1737666000	251.31960360
1737669600	246.35841849
1737673200	250.89517417
1737676800	253.49503131
1737680400	252.86711704
1737684000	249.52411418
1737687600	248.57372631
1737691200	252.18044200
1737694800	254.97997416
1737698400	260.71586959
1737702000	263.72837422
1737705600	260.50229419
1737709200	264.51543522
1737712800	264.51543522
1737716400	264.21509458
1737720000	266.71196079
1737723600	265.54771446
1737727200	266.28507849
1737730800	269.26263652
1737734400	262.40746769
1737738000	262.34248848
1737741600	264.51658000
1737745200	262.72014483
1737748800	261.76749472
1737752400	258.59015306
1737756000	257.68084127
1737759600	254.83553155
1737763200	253.58062207
1737766800	248.48113976
1737770400	251.81205577
1737774000	250.15035642
1737777600	252.75823349
1737781200	250.85740165
1737784800	248.96157533
1737788400	247.22306607
1737792000	247.02061679
1737795600	249.09231628
1737799200	247.96143818
1737802800	248.55650125
1737806400	249.81832883
1737810000	249.44239002
1737813600	250.35100567
1737817200	250.58005438
1737820800	253.47666884
1737824400	254.92594239
1737828000	257.59774368
1737831600	259.09386720
1737835200	258.53823885
1737838800	257.95008551
1737842400	258.34932880
1737846000	258.86093982
1737849600	256.26633738
1737853200	256.12413271
1737856800	254.95015151
1737860400	255.20715915
1737864000	258.20732256
1737867600	258.76259087
1737871200	257.73656694
1737874800	258.26996773
1737878400	258.71983971
1737882000	256.33823012
1737885600	254.98378297
1737889200	253.65308580
1737892800	255.35762873
1737896400	256.22745222
1737900000	255.21051213
1737903600	254.95571708
1737907200	254.75636362
1737910800	255.44596554
1737914400	256.23098324
1737918000	256.89490863
1737921600	256.24370360
1737925200	253.42794296
1737928800	249.48366577
1737932400	247.20689282
1737936000	240.88447836
1737939600	237.48651560
1737943200	235.85500657
1737946800	234.60206726
1737950400	235.17173317
1737954000	231.39907919
1737957600	232.14792497
1737961200	227.17745039
1737964800	228.14938492
1737968400	226.03471223
1737972000	226.03024980
1737975600	221.94698076
1737979200	226.46705363
1737982800	231.09517787
1737986400	231.60657660
1737990000	236.38918809
1737993600	233.31467643
1737997200	229.14913284
1738000800	226.91729310
1738004400	224.85513911
1738008000	226.48302704
1738011600	234.79058423
1738015200	234.54827394
1738018800	235.44036800
1738022400	235.18915791
1738026000	234.88798819
1738029600	234.78135478
1738033200	236.35121043
1738036800	237.02040858
1738040400	239.97501913
1738044000	242.42041472
1738047600	239.87808376
1738051200	239.09475019
1738054800	238.30180359
1738058400	238.18375471
1738062000	238.62377880
1738065600	238.23123362
1738069200	236.12643785
1738072800	236.58352070
1738076400	236.05451438
1738080000	236.94455037
1738083600	234.34856365
1738087200	234.56168224
1738090800	231.52281353
1738094400	231.89496789
1738098000	228.08926068
1738101600	226.13707021
1738105200	227.06564207
1738108800	227.03741862
1738112400	229.14250851
1738116000	229.53432647
1738119600	229.92374092
1738123200	231.13297453
1738126800	230.80808775
1738130400	230.62713165
1738134000	233.40011431
1738137600	234.27628896
1738141200	233.70235804
1738144800	231.07658979
1738148400	231.68918027
1738152000	231.83505095
1738155600	228.72379519
1738159200	227.21110074
1738162800	227.66461787
1738166400	228.31364406
1738170000	226.97956203
1738173600	229.74855396
1738177200	230.36460881
1738180800	232.35664916
1738184400	234.99631297
1738188000	234.91757285
1738191600	232.08102710
1738195200	228.31236459
1738198800	231.06223323
1738202400	234.01831780
1738206000	237.43579949
1738209600	239.96557946
1738213200	241.20571279
1738216800	239.65594337
1738220400	238.83776090
1738224000	238.32512875
1738227600	239.53316883
1738231200	240.29542546
1738234800	241.12394844
1738238400	241.22327678
1738242000	239.91689679
1738245600	240.30485159
1738249200	241.84088155
1738252800	242.28127063
1738256400	242.90396054
1738260000	241.15652245
1738263600	241.18724343
1738267200	241.11382058
1738270800	239.22406427
1738274400	240.22625446
1738278000	240.12987279
1738281600	238.81724491
1738285200	238.76836998
1738288800	237.74332951
1738292400	237.47519698
1738296000	236.06137292
1738299600	235.64582820
1738303200	237.37403356
1738306800	237.74852396
1738310400	235.94827680
1738314000	235.04442144
1738317600	235.73140299
1738321200	235.99605752
1738324800	238.53216676
1738328400	240.08272955
1738332000	240.14156710
1738335600	236.84073831
1738339200	240.01569493
1738342800	238.18254951
1738346400	235.74381515
1738350000	229.77639432
1738353600	230.58557355
1738357200	229.35064063
1738360800	229.66007007
1738364400	230.87011157
1738368000	231.60207320
1738371600	232.22446304
1738375200	232.61554233
1738378800	232.39128485
1738382400	231.17987269
1738386000	231.78114313
1738389600	232.61610234
1738393200	231.37769540
1738396800	230.31732397
1738400400	229.50724097
1738404000	227.60348936
1738407600	227.08470389
1738411200	227.67241333
1738414800	228.69079220
1738418400	227.53967580
1738422000	226.27943066
1738425600	226.43267244
1738429200	225.47881881
1738432800	227.22611044
1738436400	225.40402720
1738440000	221.35642632
1738443600	218.24699830
1738447200	216.69611650
1738450800	215.56922183
1738454400	213.74963062
1738458000	217.10560485
1738461600	217.57177249
1738465200	214.54148670
1738468800	208.38473536
1738472400	209.20101457
1738476000	212.05386841
1738479600	213.00194533
1738483200	211.50725351
1738486800	214.85910909
1738490400	213.68666826
1738494000	211.93301406
1738497600	209.25906202
1738501200	208.71799807
1738504800	212.54208250
1738508400	213.06711926
1738512000	211.99259528
1738515600	206.29514815
1738519200	202.85686837
1738522800	197.97430892
1738526400	203.52163827
1738530000	202.68199877
1738533600	204.48978956
1738537200	201.30368884
1738540800	202.94723943
1738544400	198.70362731
1738548000	186.50813272
1738551600	187.80314673
1738555200	197.97845749
1738558800	190.95968636
1738562400	194.96115455
1738566000	195.76948887
1738569600	199.45726763
1738573200	195.50089144
1738576800	194.32196746
1738580400	201.52170772
1738584000	199.00160728
1738587600	195.26334552
1738591200	194.21570150
1738594800	199.27119676
1738598400	207.21682971
1738602000	207.99922285
1738605600	207.67914817
1738609200	212.40306491
1738612800	215.20534449
1738616400	211.90456282
1738620000	216.99470634
1738623600	217.24940218
1738627200	216.20485549
1738630800	215.80560140
1738634400	218.99162070
1738638000	216.37604511
1738641600	215.25360838
1738645200	213.07434019
1738648800	205.09544686
1738652400	206.44583480
1738656000	204.74204324
1738659600	203.86380729
1738663200	204.87467845
1738666800	207.83154882
1738670400	208.30552757
1738674000	211.22733618
1738677600	210.81200333
1738681200	215.17821969
1738684800	215.69702126
1738688400	214.76980154
1738692000	213.94048350
1738695600	213.29609616
1738699200	209.96584470
1738702800	205.27107750
1738706400	202.90826344
1738710000	205.20376224
1738713600	206.95944714
1738717200	207.14199946
1738720800	205.88014137
1738724400	207.46348848
1738728000	207.33407854
1738731600	205.28816447
1738735200	205.76562261
1738738800	204.52156380
1738742400	205.24323121
1738746000	204.74549175
1738749600	203.74933117
1738753200	204.86713857
1738756800	206.49870649
1738760400	204.90663585
1738764000	206.20416550
1738767600	203.63103405
1738771200	202.84376209
1738774800	201.21254564
1738778400	197.85673493
1738782000	197.52772402
1738785600	199.57588751
1738789200	198.38173151
1738792800	198.78351338
1738796400	196.14969245
1738800000	196.13029302
1738803600	197.13826869
1738807200	199.03956540
1738810800	200.29581746
1738814400	200.82969026
1738818000	201.47495853
1738821600	201.74169865
1738825200	203.81781932
1738828800	202.27419385
1738832400	201.42709849
1738836000	202.55152458
1738839600	201.32149541
1738843200	200.31459329
1738846800	198.30327730
1738850400	199.83543771
1738854000	195.92738419
1738857600	191.73176825
1738861200	189.78279681
1738864800	190.63135076
1738868400	189.94765067
1738872000	189.87298554
1738875600	192.84982087
1738879200	193.72056675
1738882800	191.15376517
1738886400	189.51906081
1738890000	190.32792388
1738893600	192.52492927
1738897200	194.69728207
1738900800	193.32216299
1738904400	194.23011350
1738908000	192.75989906
1738911600	190.59870475
1738915200	192.50191519
1738918800	194.17784135
1738922400	197.04109777
1738926000	197.02413917
1738929600	198.45116944
1738933200	199.03318592
1738936800	201.07101201
1738940400	202.71815108
1738944000	197.53296775
1738947600	197.06895373
1738951200	196.31809332
1738954800	197.84380681
1738958400	195.56090846
1738962000	190.41910549
1738965600	190.04948816
1738969200	190.05401683
1738972800	192.27096794
1738976400	193.07056903
1738980000	192.77573809
1738983600	193.26589096
1738987200	193.13982320
1738990800	191.84531314
1738994400	190.80618405
1738998000	190.45556630
1739001600	192.74477410
1739005200	191.82980134
1739008800	193.48830000
1739012400	193.58176833
1739016000	193.84487908
1739019600	194.04033881
1739023200	195.42421030
1739026800	194.47761350
1739030400	193.40871058
1739034000	195.33638471
1739037600	196.68727167
1739041200	196.79489064
1739044800	197.14782637
1739048400	197.54544634
1739052000	198.55644350
1739055600	198.17086418
1739059200	199.50342875
1739062800	200.09607339
1739066400	202.03676933
1739070000	201.69564645
1739073600	206.13096950
1739077200	206.15576611
1739080800	206.39258774
1739084400	204.83083863
1739088000	204.26115305
1739091600	203.72901493
1739095200	201.90589370
1739098800	201.97555156
1739102400	201.74209210
1739106000	201.42402385
1739109600	197.23101931
1739113200	199.43058652
1739116800	200.66243053
1739120400	202.11380572
1739124000	199.88599920
1739127600	200.15670548
1739131200	199.09765956
1739134800	199.47499469
1739138400	194.62882806
1739142000	197.57174179
1739145600	200.52590503
1739149200	204.17152132
1739152800	198.74248148
1739156400	198.61269578
1739160000	202.69501565
1739163600	201.08497172
1739167200	202.80991848
1739170800	203.04716619
1739174400	203.17342093
1739178000	205.21083804
1739181600	204.54741630
1739185200	204.01835100
1739188800	204.71432506
1739192400	203.17914383
1739196000	208.40419243
1739199600	204.63028842
1739203200	203.15690086
1739206800	203.37924430
1739210400	203.61945998
1739214000	203.22348875
1739217600	201.38513380
1739221200	201.31059081
1739224800	200.38373596
1739228400	199.83125710
1739232000	200.20868832
1739235600	202.58311830
1739239200	204.03646167
1739242800	201.36559470
1739246400	201.35711241
1739250000	203.65663650
1739253600	205.01950469
1739257200	205.70779783
1739260800	204.55880877
1739264400	205.04214546
1739268000	202.98019085
1739271600	202.43911845
1739275200	203.16675306
1739278800	202.42506181
1739282400	199.07374880
1739286000	199.77532069
1739289600	199.78802739
1739293200	198.09435317
1739296800	198.14829138
1739300400	196.56330720
1739304000	195.52834123
1739307600	196.87615211
1739311200	198.40618605
1739314800	197.09369728
1739318400	198.01592644
1739322000	198.08337372
1739325600	197.74303732
1739329200	195.42103217
1739332800	194.52009293
1739336400	194.29761486
1739340000	195.76789992
1739343600	193.95716587
1739347200	195.04352068
1739350800	195.92501778
1739354400	196.63271180
1739358000	195.90244489
1739361600	197.06686447
1739365200	196.45021375
1739368800	191.60497024
1739372400	192.06545297
1739376000	192.70409542
1739379600	195.05044262
1739383200	195.28640974
1739386800	193.17779210
1739390400	193.24934324
1739394000	194.13932622
1739397600	196.00719290
1739401200	197.10733137
1739404800	196.58147902
1739408400	195.68210990
1739412000	197.59326354
1739415600	196.65258826
1739419200	197.92201832
1739422800	195.55116384
1739426400	195.52423742
1739430000	193.51843156
1739433600	193.11948515
1739437200	192.28464636
1739440800	193.34931545
1739444400	192.52043688
1739448000	191.74491834
1739451600	191.14844577
1739455200	190.94498061
1739458800	190.95237406
1739462400	191.99261729
1739466000	190.32977927
1739469600	191.66196612
1739473200	193.37140151
1739476800	193.32844626
1739480400	194.60817927
1739484000	194.83289393
1739487600	194.36062062
1739491200	194.40389857
1739494800	195.95014321
1739498400	195.75988529
1739502000	195.83799495
1739505600	197.16679962
1739509200	195.45170738
1739512800	195.20400148
1739516400	196.27043240
1739520000	196.81057130
1739523600	197.51689030
1739527200	199.39820212
1739530800	200.52942330
1739534400	199.41858462
1739538000	197.16892686
1739541600	197.93237667
1739545200	199.54163340
1739548800	200.44306716
1739552400	202.07445094
1739556000	204.89895523
1739559600	203.00302349
1739563200	201.62297557
1739566800	201.40441419
1739570400	201.33090189
1739574000	198.95921868
1739577600	199.70522220
1739581200	197.97788229
1739584800	199.31376953
1739588400	199.22474570
1739592000	198.52217456
1739595600	197.54749719
1739599200	197.18674296
1739602800	196.02887415
1739606400	196.13307901
1739610000	196.19128065
1739613600	195.10153189
1739617200	195.09124575
1739620800	194.79269439
1739624400	195.74016162
1739628000	195.18287642
1739631600	194.30044213
1739635200	194.77699367
1739638800	194.38218150
1739642400	193.67804932
1739646000	194.85603324
1739649600	194.28954366
1739653200	193.19396268
1739656800	194.16969300
1739660400	194.37516641
1739664000	194.62624617
1739667600	195.05114556
1739671200	194.70135832
1739674800	193.63498613
1739678400	194.49268557
1739682000	194.65694498
1739685600	195.18554197
1739689200	195.34195847
1739692800	192.97227797
1739696400	193.09325442
1739700000	193.66486206
1739703600	193.11722598
1739707200	193.60825261
1739710800	192.61874683
1739714400	190.84612175
1739718000	190.20791923
1739721600	190.38448902
1739725200	190.50271788
1739728800	190.02732718
1739732400	189.51798259
1739736000	189.18266171
1739739600	188.37373391
1739743200	188.97115019
1739746800	188.55905184
1739750400	188.25834560
1739754000	188.65335661
1739757600	189.40274610
1739761200	187.48196534
1739764800	186.55236745
1739768400	184.21825137
1739772000	183.68978777
1739775600	183.41877773
1739779200	181.62107597
1739782800	183.63096395
1739786400	184.30690146
1739790000	183.46507754
1739793600	184.25353344
1739797200	186.20800851
1739800800	185.20147122
1739804400	184.32328321
1739808000	180.05011896
1739811600	178.37045152
1739815200	177.54419549
1739818800	175.57558778
1739822400	177.22692904
1739826000	178.69733544
1739829600	180.91659942
1739833200	178.93886938
1739836800	177.69119053
1739840400	176.60066603
1739844000	178.04637236
1739847600	178.11667250
1739851200	177.93546841
1739854800	175.57113796
1739858400	172.28770189
1739862000	166.24102348
1739865600	165.85566810
1739869200	164.23513576
1739872800	168.58082256
1739876400	168.12774730
1739880000	168.57566555
1739883600	170.82389849
1739887200	169.40773422
1739890800	166.46487428
1739894400	166.11313053
1739898000	163.22651060
1739901600	163.09997467
1739905200	164.33797375
1739908800	165.15852075
1739912400	164.37363668
1739916000	167.50318245
1739919600	168.03932742
1739923200	169.31484482
1739926800	168.61094980
1739930400	167.96094642
1739934000	169.03185475
1739937600	167.46008777
1739941200	163.99136519
1739944800	166.69617434
1739948400	168.06090157
1739952000	169.17279149
1739955600	168.73805479
1739959200	170.46199092
1739962800	172.08922033
1739966400	173.96199353
1739970000	172.41496126
1739973600	171.32959263
1739977200	168.85397379
1739980800	169.82285094
1739984400	170.66123346
1739988000	171.01855922
1739991600	169.56799587
1739995200	168.74353652
1739998800	167.19854405
1740002400	167.16544595
1740006000	168.41386665
1740009600	169.25582560
1740013200	169.88639102
1740016800	168.24982673
1740020400	172.00975481
1740024000	172.37129163
1740027600	172.80031827
1740031200	172.28497281
1740034800	171.68139650
1740038400	171.96060029
1740042000	172.29104917
1740045600	172.13454999
1740049200	173.84651647
1740052800	174.07192461
1740056400	173.57886025
1740060000	174.17698456
1740063600	173.05193613
1740067200	171.61814716
1740070800	172.17078912
1740074400	173.21129051
1740078000	174.47905942
1740081600	174.86609948
1740085200	174.60149910
1740088800	173.75877981
1740092400	174.20254415
1740096000	176.07111593
1740099600	174.40181612
1740103200	174.41572168
1740106800	173.37423946
1740110400	173.50203458
1740114000	174.10366731
1740117600	175.04850235
1740121200	175.99160621
1740124800	175.77188686
1740128400	176.67843611
1740132000	177.68232227
1740135600	178.81889804
1740139200	177.28409392
1740142800	178.22874415
1740146400	179.46888320
1740150000	177.45721249
1740153600	172.86431161
1740157200	174.62051567
1740160800	171.81097120
1740164400	171.42318806
1740168000	168.46483336
1740171600	168.71129876
1740175200	168.19577793
1740178800	168.70820780
1740182400	169.00123201
1740186000	170.88083267
1740189600	171.99639327
1740193200	171.06909588
1740196800	170.32372750
1740200400	171.45257535
1740204000	172.11743684
1740207600	171.07470715
1740211200	171.80012482
1740214800	171.59325364
1740218400	173.16294398
1740222000	173.21800708
1740225600	173.67206793
1740229200	173.85960035
1740232800	172.80975323
1740236400	173.54452309
1740240000	173.88557542
1740243600	172.88817270
1740247200	173.29866920
1740250800	172.87521853
1740254400	172.64845478
1740258000	172.39097876
1740261600	173.07263277
1740265200	172.76212624
1740268800	172.13184490
1740272400	171.85572526
1740276000	171.19733534
1740279600	170.50530534
1740283200	170.52375462
1740286800	170.71757197
1740290400	170.82192607
1740294000	171.46214970
1740297600	172.91962839
1740301200	172.12508321
1740304800	171.35039434
1740308400	171.04914582
1740312000	169.78927693
1740315600	168.87076025
1740319200	169.56530027
1740322800	168.61683291
1740326400	166.80859137
1740330000	167.01165167
1740333600	168.40996815
1740337200	168.05694867
1740340800	167.66491112
1740344400	167.54255923
1740348000	167.98630618
1740351600	167.60018788
1740355200	168.03719491
1740358800	166.84678337
1740362400	163.80390377
1740366000	163.11381126
1740369600	161.41861876
1740373200	158.94824274
1740376800	160.23429197
1740380400	160.78149705
1740384000	161.26286271
1740387600	158.22809734
1740391200	158.24233119
1740394800	156.97353182
1740398400	159.19679234
1740402000	159.16223014
1740405600	159.21536086
1740409200	155.88335397
1740412800	152.43066723
1740416400	153.05209200
1740420000	154.00829289
1740423600	152.08634178
1740427200	150.03165073
1740430800	151.03302533
1740434400	147.78334706
1740438000	141.53381119
1740441600	141.95721645
1740445200	140.28825461
1740448800	140.37052111
1740452400	141.40578060
1740456000	139.67078618
1740459600	137.75843277
1740463200	140.98883098
1740466800	139.21179320
1740470400	137.20109314
1740474000	137.78308809
1740477600	134.13810897
1740481200	136.83293580
1740484800	140.51066981
1740488400	139.70366429
1740492000	138.54396586
1740495600	135.34583855
1740499200	138.47903231
1740502800	143.31870682
1740506400	143.03017266
1740510000	140.81080857
1740513600	144.85757264
1740517200	144.58543188
1740520800	146.29147698
1740524400	145.30633948
1740528000	144.16495076
1740531600	141.97956787
1740535200	142.80686820
1740538800	143.59516140
1740542400	143.35783101
1740546000	142.40518003
1740549600	141.49240892
1740553200	142.07748127
1740556800	140.12291184
1740560400	140.23463807
1740564000	141.68507569
1740567600	140.58429075
1740571200	138.20908373
1740574800	136.93844841
1740578400	135.83711566
1740582000	138.35004290
1740585600	138.94749140
1740589200	137.16687999
1740592800	133.85344404
1740596400	131.21339294
1740600000	132.53246199
1740603600	134.74388578
1740607200	135.51732810
1740610800	136.29931741
1740614400	135.92445413
1740618000	136.31563325
1740621600	136.83353764
1740625200	135.70059145
1740628800	138.52387318
1740632400	137.80759605
1740636000	139.33773580
1740639600	141.93399815
1740643200	141.03899585
1740646800	139.46069774
1740650400	140.47731075
1740654000	142.22075750
1740657600	140.46687318
1740661200	140.10126548
1740664800	139.55775068
1740668400	136.78870416
1740672000	139.47349037
1740675600	136.84035710
1740679200	138.47610167
1740682800	138.41200999
1740686400	136.03900225
1740690000	136.32845226
1740693600	137.19343193
1740697200	137.80977489
1740700800	137.56033212
1740704400	136.06424168
1740708000	131.01979119
1740711600	130.57572130
1740715200	127.46890329
1740718800	128.09881775
1740722400	127.67530632
1740726000	128.64766958
1740729600	128.11043933
1740733200	130.88936164
1740736800	131.97559976
1740740400	130.57299274
1740744000	133.40561895
1740747600	135.36521129
1740751200	138.20638670
1740754800	144.71652833
1740758400	145.06410565
1740762000	145.08118432
1740765600	144.11253527
1740769200	146.28981633
1740772800	146.26705735
1740776400	145.77915739
1740780000	147.63815818
1740783600	146.67342722
1740787200	146.67342722
